11011001
11100001
10000110
00011101
00000101
01010101
11000011
11101010
10100110
00110110
00000000
00110111
10100111
11101011
11000010
01010100
00000101
00011101
10001000
11100001
11011000
01110101
00010010
00001011
01100110
11010000
11100111
10010110
00101000
00000001
01000110
10110111
11100001
11101001
10001011
00011110
00000101
01011000
11001010
11110011
10101101
00111000
00000000
00111001
10101110
11110011
11001010
01010111
00000101
00011110
10001101
11101010
11100000
01111001
00010011
00001100
01101010
11010111
11101111
10011011
00101001
00000001
01001001
10111110
10000110
10001011
01010011
00010010
00000011
00110101
01111001
10010001
01100111
00100001
00000000
00100010
01101000
10010001
01111001
00110100
00000011
00010010
01010100
10001100
10000110
01001000
00001011
00000111
00111111
10000001
10001111
01011101
00011001
00000001
00101100
01110001
00011101
00011110
00010010
00000100
00000001
00001011
00011010
00011111
00010110
00000111
00000000
00000111
00010110
00011111
00011010
00001011
00000001
00000100
00010010
00011110
00011101
00001111
00000010
00000001
00001110
00011011
00011110
00010100
00000101
00000000
00001001
00011000
00000101
00000101
00000011
00000001
00000000
00000010
00000100
00000101
00000100
00000001
00000000
00000001
00000100
00000101
00000100
00000010
00000000
00000001
00000011
00000101
00000101
00000011
00000000
00000000
00000010
00000101
00000101
00000011
00000001
00000000
00000010
00000100
01010101
01011000
00110101
00001011
00000010
00100001
01001100
01011100
01000001
00010101
00000000
00010101
01000001
01011100
01001100
00100001
00000010
00001011
00110101
01011000
01010101
00101110
00000111
00000100
00101000
01010001
01011010
00111011
00010000
00000001
00011011
01001000
11000011
11001010
01111001
00011010
00000100
01001100
10110000
11010011
10010110
00110000
00000000
00110001
10010111
11010011
10101111
01001100
00000100
00011010
01111010
11001011
11000011
01101001
00010000
00001010
01011100
10111011
11001111
10000111
00100100
00000001
00111111
10100101
11101010
11110011
10010001
00011111
00000101
01011100
11010011
11111101
10110100
00111010
00000000
00111011
10110101
11111101
11010010
01011011
00000101
00100000
10010010
11110100
11101010
01111110
00010100
00001100
01101110
11100000
11111001
10100010
00101011
00000010
01001100
11000110
10100110
10101101
01100111
00010110
00000100
01000001
10010110
10110100
10000000
00101001
00000000
00101010
10000000
10110100
10010101
01000000
00000011
00010111
01101000
10101101
10100110
01011010
00001110
00001001
01001110
10011111
10110001
01110011
00011110
00000001
00110110
10001100
00110110
00111000
00100001
00000111
00000001
00010101
00110000
00111010
00101001
00001101
00000000
00001110
00101001
00111010
00110000
00010101
00000001
00000111
00100010
00111000
00110110
00011101
00000100
00000011
00011001
00110011
00111001
00100101
00001010
00000000
00010001
00101101
00000000
00000000
00000000
00000000
00000000
00000000
00000000
00000000
00000000
00000000
00000000
00000000
00000000
00000000
00000000
00000000
00000000
00000000
00000000
00000000
00000000
00000000
00000000
00000000
00000000
00000000
00000000
00000000
00000000
00000000
00000000
00000000
00110111
00111001
00100010
00000111
00000001
00010101
00110001
00111011
00101010
00001110
00000000
00001110
00101010
00111011
00110001
00010101
00000001
00000111
00100010
00111001
00110110
00011101
00000101
00000011
00011010
00110100
00111010
00100110
00001010
00000000
00010010
00101110
10100111
10101110
01101000
00010110
00000100
01000001
10010111
10110101
10000000
00101001
00000000
00101010
10000001
10110101
10010110
01000001
00000100
00010111
01101001
10101110
10100111
01011010
00001110
00001001
01001111
10100000
10110010
01110100
00011111
00000001
00110110
10001101
11101011
11110011
10010001
00011111
00000101
01011100
11010011
11111101
10110100
00111010
00000000
00111011
10110101
11111110
11010010
01011011
00000101
00100000
10010010
11110100
11101010
01111110
00010100
00001100
01101111
11100001
11111001
10100010
00101011
00000010
01001100
11000110
11000010
11001010
01111001
00011010
00000100
01001100
10101111
11010010
10010101
00110000
00000000
00110001
10010110
11010010
10101110
01001011
00000100
00011010
01111001
11001010
11000010
01101001
00010000
00001010
01011100
10111010
11001111
10000110
00100100
00000001
00111111
10100100
01010100
01010111
00110100
00001011
00000010
00100001
01001100
01011011
01000000
00010101
00000000
00010101
01000001
01011011
01001011
00100000
00000010
00001011
00110100
01010111
01010100
00101101
00000111
00000100
00101000
01010000
01011001
00111010
00001111
00000001
00011011
01000111
00000101
00000101
00000011
00000001
00000000
00000010
00000100
00000101
00000011
00000001
00000000
00000001
00000100
00000101
00000100
00000010
00000000
00000001
00000011
00000101
00000101
00000010
00000000
00000000
00000010
00000100
00000101
00000011
00000001
00000000
00000001
00000100
00011101
00011110
00010010
00000100
00000001
00001011
00011010
00100000
00010111
00000111
00000000
00000111
00010111
00100000
00011010
00001011
00000001
00000100
00010010
00011110
00011101
00010000
00000010
00000010
00001110
00011100
00011111
00010100
00000101
00000000
00001001
00011001
10001000
10001101
01010100
00010010
00000011
00110101
01111010
10010010
01101000
00100010
00000000
00100010
01101001
10010010
01111001
00110100
00000011
00010010
01010101
10001101
10000111
01001001
00001011
00000111
01000000
10000010
10010000
01011110
00011001
00000001
00101100
01110010
11100001
11101010
10001100
00011110
00000101
01011000
11001011
11110100
10101101
00111000
00000000
00111001
10101110
11110100
11001010
01010111
00000101
00011110
10001101
11101010
11100001
01111001
00010011
00001100
01101010
11011000
11110000
10011100
00101001
00000001
01001001
10111110
11011000
11100000
10000110
00011101
00000101
01010101
11000011
11101010
10100110
00110110
00000000
00110110
10100111
11101010
11000010
01010100
00000101
00011101
10000111
11100001
11011000
01110101
00010010
00001011
01100110
11001111
11100110
10010101
00101000
00000001
01000110
10110110
01110101
01111001
01001000
00001111
00000011
00101110
01101001
01111110
01011010
00011101
00000000
00011101
01011010
01111110
01101001
00101101
00000010
00010000
01001001
01111001
01110101
00111111
00001010
00000110
00110111
01110000
01111100
01010001
00010101
00000001
00100110
01100010
00010010
00010011
00001011
00000010
00000000
00000111
00010000
00010100
00001110
00000100
00000000
00000101
00001110
00010100
00010000
00000111
00000000
00000010
00001011
00010011
00010010
00001010
00000010
00000001
00001001
00010001
00010011
00001101
00000011
00000000
00000110
00001111
00001011
00001100
00000111
00000001
00000000
00000100
00001010
00001100
00001001
00000011
00000000
00000011
00001001
00001100
00001010
00000100
00000000
00000010
00000111
00001100
00001011
00000110
00000001
00000001
00000101
00001011
00001100
00001000
00000010
00000000
00000100
00001001
01100110
01101010
00111111
00001110
00000010
00101000
01011100
01101110
01001110
00011001
00000000
00011010
01001111
01101111
01011100
00101000
00000010
00001110
01000000
01101010
01100110
00110111
00001001
00000101
00110000
01100010
01101101
01000111
00010011
00000001
00100001
01010110
11010000
11010111
10000001
00011011
00000101
01010001
10111011
11100000
10011111
00110011
00000000
00110100
10100000
11100001
10111010
01010000
00000100
00011100
10000010
11011000
11001111
01110000
00010001
00001011
01100010
11000111
11011101
10001111
00100110
00000001
01000011
10101111
11100111
11101111
10001111
00011110
00000101
01011010
11001111
11111001
10110001
00111001
00000000
00111010
10110010
11111001
11001111
01011001
00000101
00011111
10010000
11110000
11100110
01111100
00010011
00001100
01101101
11011101
11110101
10011111
00101010
00000001
01001011
11000010
10010110
10011011
01011101
00010100
00000011
00111011
10000111
10100010
01110011
00100101
00000000
00100110
01110100
10100010
10000110
00111010
00000011
00010100
01011110
10011100
10010101
01010001
00001101
00001000
01000111
10001111
10011111
01100111
00011011
00000001
00110000
01111110
00101000
00101001
00011001
00000101
00000001
00010000
00100100
00101011
00011110
00001010
00000000
00001010
00011111
00101011
00100100
00001111
00000001
00000101
00011001
00101001
00101000
00010101
00000011
00000010
00010011
00100110
00101010
00011011
00000111
00000000
00001101
00100001
00000001
00000001
00000001
00000000
00000000
00000001
00000001
00000010
00000001
00000000
00000000
00000000
00000001
00000010
00000001
00000001
00000000
00000000
00000001
00000001
00000001
00000001
00000000
00000000
00000001
00000001
00000001
00000001
00000000
00000000
00000000
00000001
01000110
01001001
00101100
00001001
00000010
00011011
00111111
01001100
00110110
00010001
00000000
00010010
00110110
01001100
00111111
00011011
00000001
00001001
00101100
01001001
01000110
00100110
00000110
00000100
00100001
01000011
01001011
00110000
00001101
00000000
00010111
00111011
10110111
10111110
01110001
00011000
00000100
01001000
10100101
11000110
10001100
00101101
00000000
00101110
10001101
11000110
10100100
01000111
00000100
00011001
01110010
10111110
10110110
01100010
00001111
00001001
01010110
10101111
11000010
01111110
00100001
00000001
00111011
10011010